1 8192 0 1 -8192
1 8193 1 0 0
1 12287 4095 0 0
1 16383 8191 0 0
0 0 8192 0 0
1 1 8193 0 0
1 4095 12287 0 0
1 8191 16383 0 0
1 15391 7199 0 0
0 7512 15704 0 0
1 2199 10391 0 0
1 5395 13587 0 0
1 12891 4699 1 -3493
1 11476 3284 0 0
1 6173 14365 0 0
0 13958 5766 0 0
1 13382 5190 0 0
1 9737 1545 0 0
1 1733 9925 0 0
1 8789 597 0 0
1 6514 14706 0 0
1 11522 3330 0 0
1 14678 6486 0 0
1 11728 3536 1 -4656
1 9035 843 0 0
1 13871 5679 0 0
0 15718 7526 0 0
1 14551 6359 0 0
1 10964 2772 0 0
1 14289 6097 0 0
1 3883 12075 0 0
1 371 8563 0 0
1 2538 10730 0 0
1 3228 11420 0 0
1 13567 5375 1 -2817
1 11161 2969 0 0
1 13464 5272 0 0
0 14409 6217 0 0
1 4750 12942 0 0
1 9644 1452 0 0
1 8674 482 0 0
1 4971 13163 0 0
1 114 8306 0 0
0 1420 9612 0 0
1 11067 2875 0 0
1 14364 6172 0 0
1 2352 10544 1 2352
1 11276 3084 0 0
0 8320 128 0 0
1 8858 666 0 0
1 12887 4695 0 0
1 13526 5334 0 0
1 5705 13897 0 0
1 13489 5297 0 0
1 9265 1073 0 0
1 6739 14931 0 0
1 501 8693 0 0
1 9881 1689 1 -6503
1 7720 15912 0 0
0 7585 15777 0 0
0 6027 14219 0 0
1 6737 14929 0 0
1 12207 4015 0 0
1 6084 14276 0 0
1 10606 2414 0 0
1 1304 9496 0 0
1 6573 14765 0 0
1 610 8802 0 0
1 4904 13096 0 0
1 6647 14839 1 6647
0 2858 11050 0 0
1 5331 13523 0 0
1 5001 13193 0 0
1 16068 7876 0 0
1 1648 9840 0 0
1 13315 5123 0 0
1 9105 913 0 0
0 16171 7979 0 0
1 1719 9911 0 0
1 918 9110 0 0
1 436 8628 0 0
0 4768 12960 0 0
1 16109 7917 1 -275
1 4207 12399 0 0
1 10522 2330 0 0
1 14256 6064 0 0
1 12982 4790 0 0
1 2503 10695 0 0
1 773 8965 0 0
1 13237 5045 0 0
1 10878 2686 0 0
1 8822 630 0 0
0 773 8965 0 0
1 8131 16323 1 8131
0 7570 15762 0 0
1 12292 4100 0 0
1 2952 11144 0 0
1 485 8677 0 0
1 14362 6170 0 0
1 7900 16092 0 0
1 14670 6478 0 0
1 848 9040 0 0
1 10941 2749 0 0
0 12014 3822 0 0
1 1471 9663 0 0
1 5115 13307 1 5115
1 1230 9422 0 0
1 13336 5144 0 0
1 4132 12324 0 0
1 10773 2581 0 0
1 19 8211 0 0
0 11956 3764 0 0
1 15694 7502 0 0
1 8902 710 0 0
0 7908 16100 0 0
1 1078 9270 0 0
1 10090 1898 0 0
1 47 8239 1 47
1 8045 16237 0 0
1 8105 16297 0 0
1 13368 5176 0 0
1 4838 13030 0 0
1 16202 8010 0 0
1 2287 10479 0 0
1 5472 13664 0 0
0 8642 450 0 0
1 8881 689 0 0
1 8110 16302 0 0
0 8116 16308 0 0
1 11965 3773 1 -4419
1 9049 857 0 0
1 11931 3739 0 0
1 12192 4000 0 0
1 5406 13598 0 0
1 15129 6937 0 0
1 1655 9847 0 0
0 4379 12571 0 0
1 3401 11593 0 0
1 14650 6458 0 0
1 3247 11439 0 0
1 9288 1096 1 -7096
1 8210 18 0 0
1 13710 5518 0 0
1 1258 9450 0 0
1 15116 6924 0 0
0 11507 3315 0 0
1 8147 16339 0 0
0 6829 15021 0 0
1 9101 909 0 0
1 3695 11887 0 0
1 634 8826 0 0
1 13341 5149 0 0
1 12773 4581 1 -3611
1 10741 2549 0 0
1 4296 12488 0 0
1 14691 6499 0 0
1 14983 6791 0 0
1 2701 10893 0 0
0 13537 5345 0 0
1 10617 2425 0 0
1 14474 6282 0 0
1 7584 15776 0 0
0 11110 2918 0 0
1 12339 4147 0 0
1 15100 6908 1 -1284
1 12398 4206 0 0
1 9192 1000 0 0
1 2668 10860 0 0
1 978 9170 0 0
0 10751 2559 0 0
1 12785 4593 0 0
1 15430 7238 0 0
1 7131 15323 0 0
