-8192 0
-8191 0
-1 0
0 0
1 0
4095 0
8190 0
8191 0
5082 0
4757 0
4771 0
4500 0
3717 0
2900 0
2731 0
3223 -1
3619 -1
3329 -2
2513 -2
1801 -3
1441 -3
930 -3
-310 -2
-2125 -2
-3717 -1
-4500 0
-4732 1
-5046 3
-5627 4
-5942 6
-5452 7
-4415 8
-3643 9
-3592 9
-3893 9
-3869 8
-3399 6
-3009 3
-3155 0
-3508 -4
-3308 -8
-2201 -12
-687 -16
504 -19
1274 -22
2161 -23
3524 -23
4948 -21
5676 -17
5459 -12
4894 -6
4669 2
4805 11
4730 20
4089 29
3340 37
3198 43
3729 47
4276 48
4166 46
3473 41
2819 32
2512 20
2091 6
952 -10
-851 -28
-2558 -45
-3524 -61
-3899 -75
-4332 -85
-5048 -90
-5572 -90
-5327 -83
-4458 -70
-3750 -52
-3739 -28
-4150 1
-4289 31
-3944 63
-3621 94
-3819 120
-4302 142
-4291 156
-3352 160
-1908 154
-696 138
104 110
981 73
2372 27
3940 -24
4896 -79
4903 -133
4483 -184
4348 -227
4611 -258
4707 -275
4242 -275
3583 -256
3444 -219
4044 -163
4753 -91
4839 -5
4304 89
3725 187
3495 282
3211 367
2214 437
463 484
-1316 503
-2426 490
-2929 441
-3444 357
-4282 237
-4992 85
-4982 -93
-4275 -290
-3635 -497
-3669 -703
-4178 -896
-4478 -1062
-4289 -1191
-4048 -1270
-4316 -1290
-4932 -1240
-5130 -1117
-4397 -917
-3068 -640
-1884 -289
-1092 126
-243 595
1134 1106
2797 1641
3953 2182
4165 2709
3883 3203
3838 3643
4203 4010
4462 4287
4165 4460
3598 4519
3509 4455
4158 4265
5019 3952
5316 3519
4954 2977
4497 2340
4366 1624
4225 848
3405 34
1769 -795
-40 -1615
-1256 -2405
-1858 -3141
-2430 -3805
-3351 -4378
-4232 -4846
-4430 -5197
-3888 -5423
-3314 -5520
-3386 -5487
-3985 -5327
-4455 -5045
-4410 -4651
-4272 -4157
-4613 -3574
-5367 -2919
-5788 -2208
-5296 -1457
-4122 -684
-2988 94
-2234 860
-1458 1601
-135 2300
1570 2944
2880 3521
3288 4022
3119 4438
3139 4762
3591 4988
4002 5113
3873 5136
3410 5057
3343 4878
4049 4603
5049 4236
5571 3785
5405 3259
5080 2667
5071 2021
5097 1333
4492 617
3001 -114
1224 -844
-61 -1560
-721 -2246
-1328 -2888
-2296 -3473
-3302 -3988
-3698 -4422
-3319 -4765
-2813 -5010
-2903 -5151
-3579 -5184
-4187 -5108
-4309 -4925
-4276 -4637
-4693 -4252
-5580 -3776
-6240 -3220
-5996 -2596
-5009 -1916
-3983 -1195
-3301 -450
-2626 306
-1390 1055
317 1782
1742 2471
2294 3108
2242 3680
2308 4174
2820 4580
3359 4890
3386 5098
3016 5199
2983 5191
3722 5075
4849 4853
5587 4530
5628 4112
5458 3610
5566 3032
5787 2391
5415 1701
4121 976
2412 231
1100 -519
403 -1258
-191 -1971
-1174 -2643
-2279 -3260
-2839 -3809
-2600 -4278
-2150 -4659
-2244 -4943
-2965 -5123
-3701 -5197
-3985 -5163
-4052 -5021
-4544 -4774
-5561 -4428
-6448 -3989
-6492 -3468
-5721 -2874
-4805 -2220
-4226 -1520
-3672 -788
-2582 -39
-927 710
571 1444
1262 2148
1290 2808
1365 3409
1916 3939
2554 4387
2723 4744
2439 5001
2414 5154
3179 5200
4420 5137
5364 4967
5617 4693
5598 4322
5855 3861
6263 3319
6145 2707
5079 2039
3490 1329
2193 592
1488 -159
926 -906
-29 -1634
-1187 -2328
-1879 -2973
-1767 -3557
-1355 -4066
-1440 -4491
-2189 -4822
-3028 -5052
-3445 -5177
-3620 -5194
-4170 -5103
-5299 -4905
-6408 -4606
-6732 -4210
-6197 -3727
-5438 -3166
-4977 -2539
-4579 -1859
-3649 -1140
-2090 -398
-566 352
217 1096
305 1816
384 2499
928 3129
1634 3694
1911 4183
1715 4584
1692 4889
2448 5093
3774 5190
4896 5179
5357 5060
5505 4836
5889 4511
6499 4092
6646 3588
5834 3008
4397 2367
3149 1675
2474 949
1973 203
1084 -547
-94 -1286
-882 -1998
-867 -2669
-482 -3284
-528 -3831
-1266 -4297
-2191 -4674
-2721 -4954
-2982 -5130
-3579 -5199
-4799 -5160
-6116 -5013
-6713 -4762
-6431 -4411
-5848 -3969
-5523 -3443
-5296 -2846
-4558 -2190
-3133 -1488
-1625 -755
-787 -6
-663 743
-609 1477
-98 2180
646 2837
1009 3435
865 3961
835 4405
1558 4757
2934 5010
4210 5158
4867 5199
5166 5131
5696 4957
6488 4679
6899 4303
6374 3838
5115 3293
3950 2679
3324 2010
2909 1298
2115 559
965 -191
112 -937
45 -1664
423 -2356
438 -2999
-264 -3580
-1225 -4085
-1857 -4506
-2178 -4833
-2800 -5059
-4089 -5179
-5577 -5192
-6444 -5096
-6413 -4895
-6017 -4591
-5841 -4191
-5788 -3705
-5278 -3141
-4025 -2511
-2562 -1829
-1689 -1109
-1560 -366
-1555 385
-1109 1128
-364 1847
56 2528
-45 3156
-119 3718
541 4203
1931 4601
3336 4902
4163 5101
4609 5194
5256 5179
6220 5055
6900 4826
6648 4497
5613 4074
4562 3566
4001 2983
3681 2339
3021 1645
1933 918
1058 171
934 -580
1323 -1318
1424 -2029
800 -2698
-166 -3310
-867 -3853
-1228 -4316
-1857 -4689
-3183 -4964
-4812 -5135
-5926 -5199
