-32768
-32767
-1
0
1
16384
32766
32767
15740
-11900
20292
-1646
20059
-7949
-5031
-16281
17927
20225
-7235
4888
-4960
-7232
-12410
-23567
21170
28669
20210
12577
15846
14259
-15380
17019
2210
-9297
18383
-258
6752
20670
-7807
-18477
20755
-9726
-15560
-26293
18008
7153
25498
17706
-26482
28797
-28281
-5428
-29772
21838
-28392
28759
22398
-28235
22697
2718
24593
6599
-15494
27395
8268
13543
-2610
-23753
23586
-4891
5233
-2283
-18817
-8893
25796
-3071
19459
-26532
16213
22558
-21944
24798
5878
-12943
-15675
15533
-17156
-24896
1441
-8047
4329
-22713
6129
8330
27937
19906
27594
29160
13521
-6458
-18544
16887
-23854
21033
-4462
27411
-3376
-25259
-3817
19936
-27539
25509
5636
-21935
15926
22636
-4273
-10131
-9830
-28785
-1579
-5256
-29770
20532
11816
-3927
-28548
-19561
