-1
-1
-1
-1
-1
-1
-1
0
1
2
3
4
6
7
8
8
8
8
6
4
1
-2
-7
-11
-16
-20
-24
-26
-28
-28
-25
-21
-15
-7
4
15
27
39
50
60
67
71
70
65
56
41
23
0
-25
-52
-79
-104
-126
-142
-152
-153
-144
-126
-98
-61
-16
34
88
142
192
237
271
292
298
286
256
207
141
60
-32
-131
-231
-327
-412
-480
-526
-545
-533
-487
-409
-299
-160
0
175
356
533
694
829
927
980
979
919
799
619
384
103
-215
-553
-895
-1222
-1512
-1746
-1903
-1966
-1918
-1747
-1446
-1011
-446
242
1040
1928
2884
3880
4888
5876
6812
7665
8407
9013
9462
9737
9828
9737
9462
9013
8407
7665
6812
5876
4888
3880
2884
1928
1040
242
-446
-1011
-1446
-1747
-1918
-1966
-1903
-1746
-1512
-1222
-895
-553
-215
103
384
619
799
919
979
980
927
829
694
533
356
175
0
-160
-299
-409
-487
-533
-545
-526
-480
-412
-327
-231
-131
-32
60
141
207
256
286
298
292
271
237
192
142
88
34
-16
-61
-98
-126
-144
-153
-152
-142
-126
-104
-79
-52
-25
0
23
41
56
65
70
71
67
60
50
39
27
15
4
-7
-15
-21
-25
-28
-28
-26
-24
-20
-16
-11
-7
-2
1
4
6
8
8
8
8
7
6
4
3
2
1
0
-1
-1
-1
-1
-1
-1
-1
