8192
12288
16383
0
1
2048
4095
8191
441
510
564
633
685
750
805
871
930
993
1050
1113
1169
1223
1288
1338
1399
1462
1501
1562
1610
1669
1715
1773
1818
1865
1913
1962
2004
2044
2079
2122
2166
2200
2239
2270
2298
2334
2356
2381
2404
2435
2454
2471
2487
2506
2521
2536
2553
2555
2557
2567
2571
2567
2569
2580
2571
2574
2556
2559
2548
2532
2524
2504
2491
2479
2463
2442
2427
2404
2379
2363
2333
2312
2290
2267
2236
2217
2184
2156
2129
2103
2068
2040
2019
1990
1959
1925
1905
1874
1846
1825
1790
1762
1731
1712
1676
1657
1631
1606
1583
1553
1536
1511
1493
1481
1451
1432
1419
1408
1389
1370
1359
1343
1325
1314
1314
1301
1300
1288
1282
1279
1276
1274
1269
1263
1263
1261
1273
1271
1270
1277
1277
1277
1287
1293
1292
1302
1314
1312
1323
1327
1342
1345
1352
1361
1363
1371
1378
1392
1386
1399
1400
1404
1405
1413
1427
1417
1429
1416
1429
1426
1417
1418
1419
1407
1407
1399
1383
1374
1361
1356
1337
1323
1307
1292
1274
1253
1228
1205
1179
1152
1126
1097
1064
1038
995
964
930
888
853
802
766
721
677
635
585
534
483
427
382
328
279
223
168
106
53
16381
16320
16266
16203
16144
16082
16019
15950
15894
15833
15774
15711
15654
15586
15527
15467
15403
15347
15287
15228
15169
15114
15051
14998
14949
14894
14842
14787
14740
14688
14640
14587
14547
14509
14464
14416
14376
14339
14297
14271
14231
14193
14164
14139
14113
14090
14061
14043
14017
14004
13977
13967
13954
13946
13934
13919
13919
13915
13909
13906
13910
13906
13910
13921
13917
13924
13929
13952
13958
13967
13986
14002
14018
14034
14049
14069
14093
14111
14129
14147
14177
14193
14230
14246
14269
14298
14327
14350
14377
14405
14431
14449
14475
14504
14533
14560
14579
14603
14635
14664
14678
14706
14728
14740
14767
14785
14815
14823
14840
14863
14878
14890
14907
14927
14938
14955
14965
14976
14987
14988
14991
15012
15011
15019
15024
15018
15021
15023
15019
15024
15019
15020
15015
15014
15006
14996
14995
14993
14984
14977
14970
14957
14951
14946
14932
14925
14915
14908
14902
14893
14883
14866
14859
14858
14845
14837
14825
14820
14825
14806
14801
14800
14798
14795
14796
14794
14789
14794
14800
14798
14807
14812
14819
14832
14840
14847
14859
14870
14882
14902
14927
14943
14961
14980
15007
15029
15058
15087
15123
15147
15182
15221
15258
15295
15328
15370
15408
15454
15498
15543
15593
15641
15688
15745
15792
15838
15905
15950
16014
16061
16124
16181
16246
16303
16365
38
99
151
218
278
344
397
470
531
589
654
718
775
844
895
957
1017
1081
1135
1190
1249
1297
1361
1407
1469
1515
1563
1616
1656
1707
1753
1800
1840
1884
1927
1958
2000
2027
2067
2093
2123
2154
2177
2204
2229
2242
2269
2285
2303
2317
2325
2335
2350
2358
2367
2365
2365
2368
2370
2373
2364
2359
2356
2349
2337
2325
2328
2308
2294
2278
2264
2246
2230
2214
2192
2173
2159
2137
2110
2096
2074
2046
2028
2004
1983
1952
1933
1915
1888
1872
1839
1817
1794
1772
1748
1727
1706
1687
1672
1651
1631
1612
1600
1579
1567
1548
1535
1522
1505
1495
1481
1471
1462
1454
1446
1449
1444
1432
1441
1430
1423
1434
1432
1434
1441
1441
1439
1451
1451
1464
1462
1472
1478
1495
1499
1510
1521
1532
1540
1550
1566
1573
1584
1594
1607
1618
1628
1638
1657
1665
1672
1681
1689
1700
1700
1719
1719
1720
1735
1735
1744
1748
1745
1745
1755
1750
1743
1738
1735
1726
1730
1712
1698
1689
1672
1660
1646
1624
1612
1589
1570
1538
1514
1480
1455
1428
1401
1358
1322
1291
1251
1215
1170
1131
1085
1041
997
947
898
849
801
754
697
640
578
536
476
410
358
302
